d: 20
lambda: 0.001
gamma: 0.8
rho: 3.0
fnTrainingData: ../ML1M/generality/copy1.train
fnTestData: ../ML1M/generality/copy1.test
fnOutputData: ./testResult/FPMF_0.001_3_1M_copy_1.txt
MinRating: 1.0
MaxRating: 5.0
n: 6040
m: 3952
num_iterations: 100
start_hybrid_averaging_iterations: 10
local_train_iterations: 15
Iter:0| MAE:2.5796762| RMSE:2.811369
Iter:1| MAE:2.5796762| RMSE:2.811369
Iter:2| MAE:2.5796762| RMSE:2.811369
Iter:3| MAE:2.5796762| RMSE:2.811369
Iter:4| MAE:2.5796762| RMSE:2.811369
